% # columns="iteration, evaluation, min max(neg(.)) min(pos(.)) max correlation, correlation matrix principal axes lengths  (sorted square roots of eigenvalues of correlation matrix)", seed=1020158, Thu Jan  8 10:18:05 2026
1 500 0.038772992155737665 0.038772992155737665 0.038772992155737665 0.038772992155737665 0.9804218519822282 1.0192021350820148
2 1000 0.038772992155737665 0.038772992155737665 0.038772992155737665 0.038772992155737665 0.9804218519822282 1.0192021350820148
3 1500 0.2277920770066665 0.2277920770066665 0.2277920770066665 0.2277920770066665 0.878753619049921 1.1080577949758157
4 2000 0.2277920770066665 0.2277920770066665 0.2277920770066665 0.2277920770066665 0.878753619049921 1.1080577949758157
5 2500 -0.04626564595125703 -0.04626564595125703 -0.04626564595125703 -0.04626564595125703 0.9765932387891815 1.0228712753573916
6 3000 -0.04626564595125703 -0.04626564595125703 -0.04626564595125703 -0.04626564595125703 0.9765932387891815 1.0228712753573916
7 3500 -0.16581010405680807 -0.16581010405680807 -0.16581010405680807 -0.16581010405680807 0.9133399673414011 1.0797268654881234
8 4000 -0.16581010405680807 -0.16581010405680807 -0.16581010405680807 -0.16581010405680807 0.9133399673414011 1.0797268654881234
9 4500 -0.13521416224433722 -0.13521416224433722 -0.13521416224433722 -0.13521416224433722 0.9299386204237692 1.0654642942137185
10 5000 -0.13521416224433722 -0.13521416224433722 -0.13521416224433722 -0.13521416224433722 0.9299386204237692 1.0654642942137185
11 5500 -0.07066944889509208 -0.07066944889509208 -0.07066944889509208 -0.07066944889509208 0.9640179205309971 1.0347315830180752
12 6000 -0.07066944889509208 -0.07066944889509208 -0.07066944889509208 -0.07066944889509208 0.9640179205309971 1.0347315830180752
13 6500 0.2553738702663966 0.2553738702663966 0.2553738702663966 0.2553738702663966 0.8629172206727616 1.1204346791609034
14 7000 0.2553738702663966 0.2553738702663966 0.2553738702663966 0.2553738702663966 0.8629172206727616 1.1204346791609034
15 7500 0.3915063967006689 0.3915063967006689 0.3915063967006689 0.3915063967006689 0.7800599998072782 1.1796212937636676
16 8000 0.3915063967006689 0.3915063967006689 0.3915063967006689 0.3915063967006689 0.7800599998072782 1.1796212937636676
17 8500 0.38202254739326824 0.38202254739326824 0.38202254739326824 0.38202254739326824 0.7861154193925545 1.1755945505969598
18 9000 0.38202254739326824 0.38202254739326824 0.38202254739326824 0.38202254739326824 0.7861154193925545 1.1755945505969598
19 9500 0.5364787131932044 0.5364787131932044 0.5364787131932044 0.5364787131932044 0.680823976374801 1.2395477857643102
20 10000 0.5364787131932044 0.5364787131932044 0.5364787131932044 0.5364787131932044 0.680823976374801 1.2395477857643102
21 10500 0.5301161445003264 0.5301161445003264 0.5301161445003264 0.5301161445003264 0.6854807477235765 1.2369786354259829
22 11000 0.5301161445003264 0.5301161445003264 0.5301161445003264 0.5301161445003264 0.6854807477235765 1.2369786354259829
23 11500 0.1635507547815834 0.1635507547815834 0.1635507547815834 0.1635507547815834 0.9145759920413484 1.0786800984451244
24 12000 0.1635507547815834 0.1635507547815834 0.1635507547815834 0.1635507547815834 0.9145759920413484 1.0786800984451244
25 12500 0.0074672055009609075 0.0074672055009609075 0.0074672055009609075 0.0074672055009609075 0.9962594012098652 1.003726658757732
26 13000 0.0074672055009609075 0.0074672055009609075 0.0074672055009609075 0.0074672055009609075 0.9962594012098652 1.003726658757732
27 13500 0.207166509145627 0.207166509145627 0.207166509145627 0.207166509145627 0.8904119781620038 1.0987112947201494
28 14000 0.207166509145627 0.207166509145627 0.207166509145627 0.207166509145627 0.8904119781620038 1.0987112947201494
29 14500 0.21394739252469033 0.21394739252469033 0.21394739252469033 0.21394739252469033 0.8865960790998965 1.1017928083467827
30 15000 0.21394739252469033 0.21394739252469033 0.21394739252469033 0.21394739252469033 0.8865960790998965 1.1017928083467827
31 15500 0.22422682829886392 0.22422682829886392 0.22422682829886392 0.22422682829886392 0.8807798656310987 1.1064478425569204
32 16000 0.043061332218074476 0.043061332218074476 0.043061332218074476 0.043061332218074476 0.9782324201241368 1.021303741410005
33 16500 0.043061332218074476 0.043061332218074476 0.043061332218074476 0.043061332218074476 0.9782324201241368 1.021303741410005
34 17000 0.06811936634378908 0.06811936634378908 0.06811936634378908 0.06811936634378908 0.9653396467856332 1.033498604906552
35 17500 0.06811936634378908 0.06811936634378908 0.06811936634378908 0.06811936634378908 0.9653396467856332 1.033498604906552
36 18000 0.07338900697954617 0.07338900697954617 0.07338900697954617 0.07338900697954617 0.9626063541346764 1.0360448865659955
37 18500 0.07338900697954617 0.07338900697954617 0.07338900697954617 0.07338900697954617 0.9626063541346764 1.0360448865659955
38 19000 0.11368443035561736 0.11368443035561736 0.11368443035561736 0.11368443035561736 0.9414433438313654 1.055312479958243
39 19500 0.11368443035561736 0.11368443035561736 0.11368443035561736 0.11368443035561736 0.9414433438313654 1.055312479958243
40 20000 0.4064849101563208 0.4064849101563208 0.4064849101563208 0.4064849101563208 0.7703993054537883 1.1859531652457111
41 20500 0.4064849101563208 0.4064849101563208 0.4064849101563208 0.4064849101563208 0.7703993054537883 1.1859531652457111
42 21000 -0.026967919180938674 -0.026967919180938674 -0.026967919180938674 -0.026967919180938674 0.9864238849597375 1.013394256536388
43 21500 -0.08846115822594197 -0.08846115822594197 -0.08846115822594197 -0.08846115822594197 0.9547454329684212 1.0432934190465988
44 22000 -0.08846115822594197 -0.08846115822594197 -0.08846115822594197 -0.08846115822594197 0.9547454329684212 1.0432934190465988
45 22500 -0.12293589260825107 -0.12293589260825107 -0.12293589260825107 -0.12293589260825107 0.9365170085971471 1.0596866954945934
46 23000 -0.12293589260825107 -0.12293589260825107 -0.12293589260825107 -0.12293589260825107 0.9365170085971471 1.0596866954945934
47 23500 -0.0888276461136497 -0.0888276461136497 -0.0888276461136497 -0.0888276461136497 0.9545534840365679 1.043469044156869
48 24000 -0.0888276461136497 -0.0888276461136497 -0.0888276461136497 -0.0888276461136497 0.9545534840365679 1.043469044156869
49 24500 -0.25941081600718474 -0.25941081600718474 -0.25941081600718474 -0.25941081600718474 0.8605749148056868 1.1222347419355652
50 25000 -0.25941081600718474 -0.25941081600718474 -0.25941081600718474 -0.25941081600718474 0.8605749148056868 1.1222347419355652
51 25500 -0.2837428490011891 -0.2837428490011891 -0.2837428490011891 -0.2837428490011891 0.8463197687628543 1.1330237636524616
52 26000 -0.2837428490011891 -0.2837428490011891 -0.2837428490011891 -0.2837428490011891 0.8463197687628543 1.1330237636524616
53 26500 -0.2675622337244676 -0.2675622337244676 -0.2675622337244676 -0.2675622337244676 0.8558257803288778 1.1258606635478778
54 27000 -0.2675622337244676 -0.2675622337244676 -0.2675622337244676 -0.2675622337244676 0.8558257803288778 1.1258606635478778
55 27500 -0.3544789743323971 -0.3544789743323971 -0.3544789743323971 -0.3544789743323971 0.8034432311418168 1.1638208514768917
56 28000 -0.3544789743323971 -0.3544789743323971 -0.3544789743323971 -0.3544789743323971 0.8034432311418168 1.1638208514768917
57 28500 -0.4593386900733602 -0.4593386900733602 -0.4593386900733602 -0.4593386900733602 0.7352967495689341 1.2080309143698933
58 29000 -0.4593386900733602 -0.4593386900733602 -0.4593386900733602 -0.4593386900733602 0.7352967495689341 1.2080309143698933
59 29500 -0.5284147079684007 -0.5284147079684007 -0.5284147079684007 -0.5284147079684007 0.6867206797756996 1.236290705282702
60 30000 -0.5284147079684007 -0.5284147079684007 -0.5284147079684007 -0.5284147079684007 0.6867206797756996 1.236290705282702
61 30500 -0.4148165682830611 -0.4148165682830611 -0.4148165682830611 -0.4148165682830611 0.7649728307050773 1.1894606207365845
62 31000 -0.4148165682830611 -0.4148165682830611 -0.4148165682830611 -0.4148165682830611 0.7649728307050773 1.1894606207365845
63 31500 -0.43333148302308155 -0.43333148302308155 -0.43333148302308155 -0.43333148302308155 0.7527738817048041 1.197218226984154
64 32000 -0.43333148302308155 -0.43333148302308155 -0.43333148302308155 -0.43333148302308155 0.7527738817048041 1.197218226984154
65 32500 -0.6151491587516942 -0.6151491587516942 -0.6151491587516942 -0.6151491587516942 0.6203634751081869 1.27088518708485
66 33000 -0.6151491587516942 -0.6151491587516942 -0.6151491587516942 -0.6151491587516942 0.6203634751081869 1.27088518708485
67 33500 -0.5275681736571944 -0.5275681736571944 -0.5275681736571944 -0.5275681736571944 0.6873367634157258 1.2359482892326825
68 34000 -0.5275681736571944 -0.5275681736571944 -0.5275681736571944 -0.5275681736571944 0.6873367634157258 1.2359482892326825
69 34500 -0.5028461891341117 -0.5028461891341117 -0.5028461891341117 -0.5028461891341117 0.7050913493058103 1.2259062725731162
70 35000 -0.5028461891341117 -0.5028461891341117 -0.5028461891341117 -0.5028461891341117 0.7050913493058103 1.2259062725731162
71 35500 -0.49874237834460067 -0.49874237834460067 -0.49874237834460067 -0.49874237834460067 0.7079954955050204 1.2242313418405038
72 36000 -0.49874237834460067 -0.49874237834460067 -0.49874237834460067 -0.49874237834460067 0.7079954955050204 1.2242313418405038
73 36500 -0.47264571800047334 -0.47264571800047334 -0.47264571800047334 -0.47264571800047334 0.726191628979243 1.2135261505218886
74 37000 -0.47264571800047334 -0.47264571800047334 -0.47264571800047334 -0.47264571800047334 0.726191628979243 1.2135261505218886
75 37500 -0.6085000818751539 -0.6085000818751539 -0.6085000818751539 -0.6085000818751539 0.6256995430115367 1.2682665657799048
76 38000 -0.6085000818751539 -0.6085000818751539 -0.6085000818751539 -0.6085000818751539 0.6256995430115367 1.2682665657799048
77 38500 -0.3838799101561787 -0.3838799101561787 -0.3838799101561787 -0.3838799101561787 0.7849331754001874 1.1763842527661523
78 39000 -0.3838799101561787 -0.3838799101561787 -0.3838799101561787 -0.3838799101561787 0.7849331754001874 1.1763842527661523
79 39500 -0.46069849815960395 -0.46069849815960395 -0.46069849815960395 -0.46069849815960395 0.7343715012447011 1.2085936033918119
80 40000 -0.46069849815960395 -0.46069849815960395 -0.46069849815960395 -0.46069849815960395 0.7343715012447011 1.2085936033918119
81 40500 -0.5765519180722671 -0.5765519180722671 -0.5765519180722671 -0.5765519180722671 0.650728885118628 1.2556081865264606
82 41000 -0.5765519180722671 -0.5765519180722671 -0.5765519180722671 -0.5765519180722671 0.650728885118628 1.2556081865264606
83 41500 -0.6355932258483299 -0.6355932258483299 -0.6355932258483299 -0.6355932258483299 0.6036611418268281 1.2789031338800956
84 42000 -0.6355932258483299 -0.6355932258483299 -0.6355932258483299 -0.6355932258483299 0.6036611418268281 1.2789031338800956
85 42500 -0.5518594495572257 -0.5518594495572257 -0.5518594495572257 -0.5518594495572257 0.6694330066875808 1.245736508880279
86 43000 -0.5518594495572257 -0.5518594495572257 -0.5518594495572257 -0.5518594495572257 0.6694330066875808 1.245736508880279
87 43500 -0.56074340297624 -0.56074340297624 -0.56074340297624 -0.56074340297624 0.6627643601037703 1.2492971635988932
88 44000 -0.56074340297624 -0.56074340297624 -0.56074340297624 -0.56074340297624 0.6627643601037703 1.2492971635988932
89 44500 -0.5051149871127066 -0.5051149871127066 -0.5051149871127066 -0.5051149871127066 0.7034806414445912 1.2268312789918208
90 45000 -0.5051149871127066 -0.5051149871127066 -0.5051149871127066 -0.5051149871127066 0.7034806414445912 1.2268312789918208
91 45500 -0.2806960905083412 -0.2806960905083412 -0.2806960905083412 -0.2806960905083412 0.8481178629716853 1.1316784395349861
92 46000 -0.2806960905083412 -0.2806960905083412 -0.2806960905083412 -0.2806960905083412 0.8481178629716853 1.1316784395349861
93 46500 -0.3970077104328021 -0.3970077104328021 -0.3970077104328021 -0.3970077104328021 0.7765257816500352 1.1819508071120397
94 47000 -0.3970077104328021 -0.3970077104328021 -0.3970077104328021 -0.3970077104328021 0.7765257816500352 1.1819508071120397
95 47500 -0.39704251683950115 -0.39704251683950115 -0.39704251683950115 -0.39704251683950115 0.7765033697032478 1.1819655311554145
96 48000 -0.39704251683950115 -0.39704251683950115 -0.39704251683950115 -0.39704251683950115 0.7765033697032478 1.1819655311554145
97 48500 -0.39547720764198324 -0.39547720764198324 -0.39547720764198324 -0.39547720764198324 0.7775106380995804 1.1813031819317101
98 49000 -0.39547720764198324 -0.39547720764198324 -0.39547720764198324 -0.39547720764198324 0.7775106380995804 1.1813031819317101
99 49500 -0.31009418323560184 -0.31009418323560184 -0.31009418323560184 -0.31009418323560184 0.8306056927112878 1.1445934576239731
100 50000 -0.31009418323560184 -0.31009418323560184 -0.31009418323560184 -0.31009418323560184 0.8306056927112878 1.1445934576239731
101 50500 -0.10607048508328232 -0.10607048508328232 -0.10607048508328232 -0.10607048508328232 0.9454784581981326 1.0516988566520753
102 51000 -0.10607048508328232 -0.10607048508328232 -0.10607048508328232 -0.10607048508328232 0.9454784581981326 1.0516988566520753
103 51500 -0.14646038377144976 -0.14646038377144976 -0.14646038377144976 -0.14646038377144976 0.923872077848741 1.07072890302422
104 52000 -0.14646038377144976 -0.14646038377144976 -0.14646038377144976 -0.14646038377144976 0.923872077848741 1.07072890302422
105 52500 -0.14104986414414786 -0.14104986414414786 -0.14104986414414786 -0.14104986414414786 0.9267956278791201 1.0681993559931349
106 53000 -0.14104986414414786 -0.14104986414414786 -0.14104986414414786 -0.14104986414414786 0.9267956278791201 1.0681993559931349
107 53500 0.11015066717011839 0.11015066717011839 0.11015066717011839 0.11015066717011839 0.9433182563853417 1.053636876333644
108 54000 0.11015066717011839 0.11015066717011839 0.11015066717011839 0.11015066717011839 0.9433182563853417 1.053636876333644
109 54500 0.13867560211451418 0.13867560211451418 0.13867560211451418 0.13867560211451418 0.9280756423295925 1.067087438832692
110 55000 0.13867560211451418 0.13867560211451418 0.13867560211451418 0.13867560211451418 0.9280756423295925 1.067087438832692
111 55500 -0.06045652469616815 -0.06045652469616815 -0.06045652469616815 -0.06045652469616815 0.9693005082552222 1.0297846982239385
112 56000 -0.06045652469616815 -0.06045652469616815 -0.06045652469616815 -0.06045652469616815 0.9693005082552222 1.0297846982239385
113 56500 -0.16242993775864162 -0.16242993775864162 -0.16242993775864162 -0.16242993775864162 0.9151885391772333 1.078160441566394
114 57000 -0.16242993775864162 -0.16242993775864162 -0.16242993775864162 -0.16242993775864162 0.9151885391772333 1.078160441566394
115 57500 -0.30510981338251075 -0.30510981338251075 -0.30510981338251075 -0.30510981338251075 0.8336007357347337 1.1424140288802964
116 58000 -0.30510981338251075 -0.30510981338251075 -0.30510981338251075 -0.30510981338251075 0.8336007357347337 1.1424140288802964
117 58500 -0.11836050559410692 -0.11836050559410692 -0.11836050559410692 -0.11836050559410692 0.9389565987871288 1.0575256524520371
118 59000 -0.056260626174298126 -0.056260626174298126 -0.056260626174298126 -0.056260626174298126 0.9714624922382241 1.0277454092207359
119 59500 -0.056260626174298126 -0.056260626174298126 -0.056260626174298126 -0.056260626174298126 0.9714624922382241 1.0277454092207359
120 60000 0.026231710433763596 0.026231710433763596 0.026231710433763596 0.026231710433763596 0.9867969849803132 1.0130309523572139
121 60500 0.026231710433763596 0.026231710433763596 0.026231710433763596 0.026231710433763596 0.9867969849803132 1.0130309523572139
122 61000 0.0147603488845517 0.0147603488845517 0.0147603488845517 0.0147603488845517 0.992592389208908 1.0073531401075553
123 61500 0.0147603488845517 0.0147603488845517 0.0147603488845517 0.0147603488845517 0.992592389208908 1.0073531401075553
124 62000 0.26998231732805406 0.26998231732805406 0.26998231732805406 0.26998231732805406 0.8544107224701398 1.1269349215141282
125 62500 0.26998231732805406 0.26998231732805406 0.26998231732805406 0.26998231732805406 0.8544107224701398 1.1269349215141282
126 63000 0.41731337261901436 0.41731337261901436 0.41731337261901436 0.41731337261901436 0.7633391299946478 1.1905097112661511
127 63500 0.41731337261901436 0.41731337261901436 0.41731337261901436 0.41731337261901436 0.7633391299946478 1.1905097112661511
128 64000 0.609089586974272 0.609089586974272 0.609089586974272 0.609089586974272 0.6252282887279877 1.268498950324466
129 64500 0.609089586974272 0.609089586974272 0.609089586974272 0.609089586974272 0.6252282887279877 1.268498950324466
130 65000 0.42701934276603204 0.42701934276603204 0.42701934276603204 0.42701934276603204 0.7569548581216504 1.1945791488076594
131 65500 0.42701934276603204 0.42701934276603204 0.42701934276603204 0.42701934276603204 0.7569548581216504 1.1945791488076594
132 66000 0.42701934276603204 0.42701934276603204 0.42701934276603204 0.42701934276603204 0.7569548581216504 1.1945791488076594
133 66500 -0.8422058182734476 -0.8422058182734476 -0.8422058182734476 -0.8422058182734476 0.39723315788910724 1.3572788284923063
134 67000 -0.8422058182734476 -0.8422058182734476 -0.8422058182734476 -0.8422058182734476 0.39723315788910724 1.3572788284923063
135 67500 -0.6662330873785731 -0.6662330873785731 -0.6662330873785731 -0.6662330873785731 0.5777256378432818 1.29082651327689
136 68000 -0.6662330873785731 -0.6662330873785731 -0.6662330873785731 -0.6662330873785731 0.5777256378432818 1.29082651327689
137 68500 -0.6112887948488194 -0.6112887948488194 -0.6112887948488194 -0.6112887948488194 0.6234670842564031 1.2693655087675968
138 69000 -0.6112887948488194 -0.6112887948488194 -0.6112887948488194 -0.6112887948488194 0.6234670842564031 1.2693655087675968
139 69500 -0.5566053258774941 -0.5566053258774941 -0.5566053258774941 -0.5566053258774941 0.6658788734616125 1.2476399023265865
140 70000 -0.5566053258774941 -0.5566053258774941 -0.5566053258774941 -0.5566053258774941 0.6658788734616125 1.2476399023265865
141 70500 -0.6083497191020697 -0.6083497191020697 -0.6083497191020697 -0.6083497191020697 0.6258196872086482 1.2682072855421032
142 71000 -0.6083497191020697 -0.6083497191020697 -0.6083497191020697 -0.6083497191020697 0.6258196872086482 1.2682072855421032
143 71500 -0.6915929311640756 -0.6915929311640756 -0.6915929311640756 -0.6915929311640756 0.555344099487808 1.3006125215313267
144 72000 -0.6915929311640756 -0.6915929311640756 -0.6915929311640756 -0.6915929311640756 0.555344099487808 1.3006125215313267
145 72500 -0.6683557124852286 -0.6683557124852286 -0.6683557124852286 -0.6683557124852286 0.575885654895806 1.2916484477152552
146 73000 -0.6683557124852286 -0.6683557124852286 -0.6683557124852286 -0.6683557124852286 0.575885654895806 1.2916484477152552
147 73500 -0.6673913703085527 -0.6673913703085527 -0.6673913703085527 -0.6673913703085527 0.5767223159298132 1.2912750947449396
148 74000 -0.6673913703085527 -0.6673913703085527 -0.6673913703085527 -0.6673913703085527 0.5767223159298132 1.2912750947449396
149 74500 -0.720583160578286 -0.720583160578286 -0.720583160578286 -0.720583160578286 0.5285989400497452 1.3117100139048592
150 75000 -0.720583160578286 -0.720583160578286 -0.720583160578286 -0.720583160578286 0.5285989400497452 1.3117100139048592
151 75500 -0.8185985399742634 -0.8185985399742634 -0.8185985399742634 -0.8185985399742634 0.42591250278165893 1.3485542406496904
152 76000 -0.8185985399742634 -0.8185985399742634 -0.8185985399742634 -0.8185985399742634 0.42591250278165893 1.3485542406496904
153 76500 -0.7312984404483156 -0.7312984404483156 -0.7312984404483156 -0.7312984404483156 0.5183643116107477 1.3157881442117936
154 77000 -0.7312984404483156 -0.7312984404483156 -0.7312984404483156 -0.7312984404483156 0.5183643116107477 1.3157881442117936
155 77500 -0.6691509260098529 -0.6691509260098529 -0.6691509260098529 -0.6691509260098529 0.5751948139458033 1.2919562399748117
156 78000 -0.6691509260098529 -0.6691509260098529 -0.6691509260098529 -0.6691509260098529 0.5751948139458033 1.2919562399748117
157 78500 -0.6956394219104389 -0.6956394219104389 -0.6956394219104389 -0.6956394219104389 0.5516888417301558 1.3021672019792385
