% # columns="iter, evals, sigma, 0, fitness, xbest" seed=211358, Fri Jan  9 22:51:47 2026, <python>{}</python>
1 100 0.6645968289551737 0 501.3899230957031 0.0 0.48081792251607486 1.230531251977408 0.4208025239625897 0.30625749547174264 0.15707423577342136 0.2872586854255694 0.0 0.0 0.0 0.0 0.0 0.0 0.32883251519141093 0.0 0.8576918467614847 0.9797604715621916 0.335914080834063 1.0189315834420956 0.34596062247606435 0.03743258474743692 0.0 0.4903736552735838 0.0 0.8296488975396374 0.12428318628397407 0.0 0.7414968175020553 0.0 0.0 0.38376076881281584 0.0 0.39746325892563694 1.0383222169401274 0.0 0.17565084636697018 0.44325948606752436 0.0 0.0 0.05910762891960306 0.0 0.20164027499003093
2 200 0.990161363148937 0 566.8446044921875 0.30277409564582763 0.0 0.6998067959153659 0.47224659894967635 0.0 0.0 0.0 1.6443200187551235 0.0 0.0 1.2041408788391665 0.7577398289643258 1.1589838394651188 0.16633695124494696 0.0 0.8684346811797845 1.2989172442246943 0.8281136121439931 0.5609538774831659 0.42571546037537045 0.9660588676516887 0.9370917513500251 0.823117936881961 1.946594726854894 0.8973129705494116 0.0 0.0 0.43138061369425923 0.8796438381183471 0.7320340877938103 0.10605497504346557 0.38449448278938214 0.25752144563272483 0.746470898349773 0.0 0.0 0.3657417272938858 0.0 1.7611508158333407 0.04118721790372548 0.0 0.23832921219560005
3 300 1.54153767955033 0 323.0997314453125 0.36948651344157024 0.9622671380822139 0.8456833440254239 0.8151647131942856 1.1422985280301026 1.5788473907125393 0.0 1.175828097920025 0.9253286579890176 0.0 0.0 0.22779007279992594 1.0395933087156588 1.2592459335356594 0.0 0.0 0.08153436949196086 1.3744783875644664 0.9027676631674273 0.36500566416476965 1.4742334806686466 0.0 1.215823691893609 0.375078340119493 1.9029386951537735 0.0 0.0 1.2971372494596132 1.1693992122391663 0.0 0.8614122883755801 1.5374768579116405 1.1638913761523229 0.0 0.26071192871445314 1.4508460699393297 3.7022661109641737 0.0 0.0 0.8557748805554557 2.196126367501477 0.02789263268195641
4 400 2.562532711498198 0 145.11593627929688 0.0 1.2725784152107746 0.6372374096445708 3.8500428909824094 0.0 0.0 0.9423796441980009 1.723579859212497 0.014965482274223674 2.902048337694496 2.5724192681128746 0.9163080600893816 3.286673823368927 1.2054078769184304 0.0 1.8940208692593261 0.0 1.0307509686851846 4.17271600855678 0.0 2.085706127629634 0.42277219319146514 1.9453720089352637 1.1083752867502568 1.4437596608065595 1.572364466521491 0.5339213334443248 5.274992114751536 0.4097870658391748 0.0 0.0 1.6970148210495002 1.538776634312085 0.2401596085412233 0.0 0.0 0.8926990731965891 0.38688978884258407 1.4008561196080553 3.085887796490347 0.40338372086731844 1.1608645564832933
5 500 4.281855610724981 0 177.70339965820312 0.6026395095445604 5.906190069184731 0.582418756913942 0.0 0.0 2.750126572305999 0.0 1.9505446490041367 3.02512042046011 3.514166248629982 0.40380403696478784 0.0 4.100033544039975 0.0 0.0 0.5995763290896684 0.0 4.436694385396434 4.930279044382372 0.0 0.0 0.6467762824134263 1.1872167385756665 0.0 9.048229122626447 0.789137829717933 0.0 7.579091167509337 0.33257804330136587 1.9903740370481882 0.0 2.3081865125471692 2.5691757775213357 0.0 0.07625916129252097 3.908019757064789 2.592449149480407 0.0 0.0 5.790774417111569 1.0260945497915919 2.3156121745081366
6 600 7.109670523720651 0 503.79937744140625 6.471786421486807 3.9991414159569545 0.0 2.1953635903175424 7.4684743192159475 0.0 9.30251082731564 0.0 0.4292526795376812 2.908230030250583 4.322769170583176 0.0 1.7497659184874932 6.209741585184643 4.116955635470215 0.0 1.8185544785994168 0.0 0.8476000183964574 0.0 0.037758750298901855 0.0 0.0 4.365880535036168 6.586186339881046 0.0 0.0 7.258726094174423 5.789894489915442 4.995314384505871 8.01873936899352 0.0 0.0 0.0 3.493291076037772 0.0 0.0 0.0 4.870803931554756 5.875561641404836 2.212818580716289 2.593184906408949
7 700 11.630386503340908 0 1707.85986328125 12.196919165149753 18.206534297443625 9.195973271371969 0.0 9.494397785965496 0.0 4.908719279742241 0.0 0.0 0.0 7.83029039030782 0.0 0.0 6.246295073039528 0.3325003294906521 7.533635844265801 0.0 8.507092151076039 5.84531808124807 9.656012632849325 9.679187156579776 0.0 3.030686878881147 2.681871931248832 7.422366826811006 0.0 2.778391185178992 4.091391922025639 3.7370761261275893 0.0 0.0 0.5407462711596709 4.565045315459834 14.222609705374708 0.0 0.0 0.08225590641881908 0.0 12.57144495771064 4.438712260404762 0.0 1.9858912169078953
8 800 19.32386691395242 0 5063.07958984375 18.242774653121494 9.155883688861511 1.5681822799462473 0.39693876740608447 11.060929335042982 14.926399519833911 14.042302403488785 0.0 3.8092159644803054 0.0 0.0 6.911857386374759 0.0 17.530772602687456 0.0 20.38402275204226 15.949422726280616 3.1072895966567353 23.557913279107222 0.0 0.0 23.013700448231585 3.8497322488433685 20.814980354778008 0.0 18.56854709918712 6.501495406481803 0.0 16.97930554892573 10.898903398817525 2.2164712176820425 0.0 0.0 23.995984232351233 0.0 0.0 0.0 0.0 0.0 10.01390089405886 0.0 21.803038374326064
9 900 33.06481651885267 0 8263.578125 28.737876531255647 0.0 14.565381000885761 0.0 5.383546520025793 0.0 22.286938706905175 6.002737819071141 6.1621247138859445 0.0 24.80019810888608 22.91942537431391 0.0 0.0 0.0 20.480902971879843 0.0 36.29847067959474 2.427276766768186 21.03056419390956 0.0 0.0 18.238286539336563 5.108274317177672 0.0 0.0 0.0 17.532235952634775 23.70369805823623 8.151424718163215 3.1176134942034865 0.0 3.1259525165404844 3.510583183927181 9.668642926431794 2.6845932509543835 23.819184088433303 18.730174290334666 7.283554766088208 14.455685012194081 0.0 26.379242047305414
